f1,f2,f3,c_f4,f5,y
0.209480969756,0.776319560975,0.5971966564,2,0.849224439218,2.39506078178
0.615226029054,0.708254310745,0.420279877187,2,0.78933266628,2.34499049472
0.414357405034,0.0684838394508,0.0680414664813,4,0.835987769335,2.30994005607
0.96204007971,0.959877083338,0.333624721472,1,0.046557850731,2.00688998137
0.936051422643,0.11532506242,0.116859520154,2,0.253153140538,1.95298926701
0.581326645242,0.308166363335,0.0381234870555,3,0.8647899919,2.27711898007
0.359321761831,0.944375945007,0.58010416579,4,0.819745696923,2.62673689369
0.835268139857,0.407748809919,0.111471079919,1,0.00804333220749,1.80173523283
0.839528200675,0.403407153098,0.350907975265,1,0.961964305657,2.25469236553
0.269465226489,0.480593719541,0.559480839175,4,0.226414502437,2.28147531928
0.0099949807625,0.550799340743,0.0852365734007,3,0.628661642693,2.18819499532
0.747994916152,0.524334125409,0.567977220686,4,0.410791100581,2.41437592314
0.752755307386,0.52284467545,0.719011926847,3,0.586518368506,2.43015539129
0.259800655334,0.276156193961,0.446364245004,1,0.903783671934,2.1766340466
0.0693467331952,0.194508786038,0.510662025409,3,0.413780979432,2.16454742992
0.787314566036,0.408234726361,0.83192343186,1,0.784475174778,2.32374550134
0.690517819646,0.462341573547,0.0874936028333,2,0.0631763888674,1.91303873307
0.619448399915,0.424173227036,0.995272838509,2,0.384248587681,2.29906077202
0.379029962566,0.635239572276,0.772823408439,3,0.0412876846945,2.21331300712
0.588712177791,0.309704977476,0.107578919509,2,0.0657636148486,1.87939133507
0.0319714706584,0.117612766853,0.448282985543,3,0.877595707205,2.31224287898
0.420154858148,0.310447988353,0.33797982955,3,0.159923924731,2.06946860224
0.499352367966,0.419929402786,0.745446015083,1,0.306463210168,2.08014020595
0.0916068783001,0.98746521927,0.0890731600931,3,0.975888231717,2.4237309724
0.722305732572,0.430361142254,0.26938467719,1,0.668841982651,2.10665499793
0.930123377075,0.386170394089,0.245704613461,2,0.316998972274,2.07075738947
0.260528622239,0.795933286577,0.215655650686,1,0.119602435485,1.89777718894
0.773361115958,0.335819530196,0.591420558055,2,0.737009151381,2.3167298456
0.317476532191,0.882649771835,0.047647922293,1,0.0790838655677,1.8542055305
0.399923076809,0.9625312107,0.837257223881,3,0.243789793995,2.38119163458
0.652829164847,0.0336441494028,0.955783398856,4,0.929603093275,2.63058800333
0.483335085692,0.0368828054995,0.654019234042,2,0.993267280885,2.34922275224
0.682435229034,0.38779158566,0.160601611874,2,0.966393635671,2.28053977787
0.149710339327,0.922156189845,0.0916772522466,4,0.615317483553,2.373032441
0.402049931819,0.675741544276,0.386323980661,3,0.26170868812,2.19593397148
0.664883631374,0.119476379212,0.841568373583,4,0.199865890572,2.32280050728
0.142235250832,0.264630441563,0.122444962711,2,0.606828144162,2.04661435987
0.229649999988,0.869661600637,0.0444068622129,1,0.260827526991,1.91455038959
0.491964389838,0.480802365337,0.873121253516,1,0.737852032327,2.30243410104
0.864417866131,0.522216161991,0.720748603283,1,0.615170337232,2.25317773489
0.424132771173,0.410361738258,0.570725050025,4,0.0812828412458,2.22821627627
0.540773631459,0.828038915229,0.385464530779,2,0.511499585346,2.23992433956
0.867405237987,0.103356598705,0.760510757576,3,0.372898831788,2.28472460353
0.862692947798,0.174307953724,0.348487379271,1,0.787503156874,2.14067836206
0.158117802849,0.338465881116,0.207795565176,4,0.323677548539,2.17531464548
0.678172296752,0.617551134985,0.860531164785,1,0.866792964969,2.3962039921
0.499271601787,0.731148223976,0.594561562589,3,0.9425596127,2.55154911883
0.292562861499,0.468187315867,0.932739047193,3,0.682153184341,2.47557673722
0.876179037572,0.41814722939,0.995413546441,3,0.712335147394,2.55480547253
0.904507511736,0.142254880864,0.890054099408,2,0.449288266063,2.26563326359
0.843780834424,0.749907499176,0.294453019606,3,0.600042563303,2.36271251448
0.10823110412,0.614220826821,0.448484421259,1,0.889777878474,2.22412375354
0.8946804434,0.333928838826,0.569829881838,1,0.720137598302,2.21525781598
0.876277622629,0.434830543023,0.592491932694,2,0.698983017518,2.33193465768
0.0347292638958,0.731420026338,0.991961234758,3,0.103611247611,2.28878980113
0.125422218008,0.92158481191,0.633821141646,2,0.934542326097,2.46082245712
0.519954901635,0.604976967711,0.507488513739,1,0.883803148724,2.27875869732
0.041937656254,0.53767901535,0.987924337901,1,0.993532735437,2.40551996424
0.708339331044,0.860377364631,0.129730009024,2,0.187223215778,2.05671769505
0.138543794076,0.182985335367,0.903716536911,2,0.303168990616,2.1428340038
0.522207125626,0.354143235913,0.476360093791,3,0.503856054266,2.26749980959
0.498621982245,0.555591858336,0.658316356401,2,0.543191115899,2.27575192317
0.413351863216,0.884225668198,0.217052418161,3,0.592745630674,2.32039429768
0.827222009973,0.410854425407,0.425953380619,3,0.275098500406,2.20271850043
0.535326334093,0.280567175467,0.0694042693476,4,0.903871464694,2.39201593518
0.35951967012,0.836662578382,0.558850504233,1,0.968038413119,2.35815499921
0.592640212853,0.554462526428,0.167277732485,3,0.344316855903,2.15806658868
0.344662537068,0.291433432725,0.203961999889,1,0.187872316735,1.82909046691
0.373351384193,0.401578767453,0.0317674542273,4,0.295279382406,2.14529288114
0.588417275245,0.439685386576,0.214910888651,3,0.92548075783,2.38144437457
0.742037598563,0.305862200097,0.800259937561,2,0.604152430057,2.31711515317
0.843610554916,0.765080770035,0.452004874692,1,0.467857282212,2.16012158479
0.666762792545,0.79178144271,0.537922819856,4,0.851248505152,2.62690881581
0.848038854774,0.519658892703,0.524345558358,3,0.0980493833202,2.18525908485
0.54218484953,0.81494703861,0.708617629432,4,0.63313545977,2.58304736541
0.0511393776092,0.638862218218,0.217299696044,1,0.0220829803808,1.80690948237
0.00615365373102,0.051002458177,0.21658591033,4,0.727767663094,2.26689869535
0.0625259674614,0.0418773957546,0.138597982323,2,0.257478571828,1.85919889933
0.302846346913,0.467790373073,0.0645023518265,1,0.0447859234783,1.76110778425
0.858171965193,0.362857305039,0.388684484553,2,0.259848353127,2.07893334414
0.892213390387,0.585826431626,0.843778535161,2,0.207907143269,2.24268304322
0.780570013986,0.641258853653,0.60798334625,1,0.56993671296,2.21667846119
0.705767628831,0.845673883845,0.328156576824,1,0.535239937986,2.15225448789
0.18249448932,0.962089375388,0.0541626567592,4,0.57401987083,2.35652406937
0.305699205936,0.784242415017,0.852710340043,4,0.209233477372,2.42692489656
0.383528137887,0.0218890397208,0.537739152816,1,0.159581624989,1.86788501757
0.739092748743,0.959849946468,0.393388780851,1,0.601767820962,2.22460302681
0.178654557063,0.363094659009,0.876414514419,4,0.630275407897,2.50551890499
0.135131763204,0.107574787989,0.370308474303,2,0.953314743285,2.22744657352
0.739760053499,0.0804836470355,0.950103065056,1,0.070127878836,2.00315480581
0.649543310088,0.0294052981258,0.0298167731257,1,0.841679293811,2.0164521401
0.438990251298,0.813062926451,0.953329200391,4,0.489379833807,2.58826230406
0.374657200437,0.946494003906,0.629151996768,3,0.0382937134157,2.23082760522
0.893822526145,0.0436991371912,0.922884076232,1,0.884726288851,2.32887781846
0.676012218029,0.53075620937,0.503098054321,4,0.744541285956,2.52249839436
0.580648166362,0.171583248367,0.330889207167,1,0.298603400126,1.91108958851
0.450894078319,0.677598103982,0.377071879224,1,0.526008543098,2.10413400963
0.687355672923,0.0958845400794,0.721452941329,1,0.782288880757,2.21726391001
0.689261502688,0.355031132806,0.212919418459,2,0.536625253953,2.11845830395
0.64588305291,0.781224075193,0.0824075348095,3,0.523716048824,2.2550418003
0.455582450089,0.621382701913,0.433791638369,3,0.431430539141,2.27254449256
0.231677300056,0.943141539596,0.273441040335,4,0.652803576259,2.45494978053
0.80593916184,0.0679108283253,0.253047410081,3,0.0630468270896,1.99530903571
0.545824508181,0.243339640112,0.471750334115,4,0.454012184121,2.32638035272
0.891462008814,0.549330818728,0.0284757033319,2,0.129046672489,1.95917374462
0.240916084263,0.957517269606,0.024170890796,3,0.310724879303,2.14713628131
0.608808895964,0.243854331433,0.937390876007,4,0.931649751321,2.66352891921
0.0774274354385,0.450804327102,0.196997066334,4,0.639258675514,2.31270619907
0.450297417845,0.968964681899,0.149012227439,1,0.904528328189,2.24533767767
0.541032703403,0.617833546156,0.352065960054,3,0.40229751594,2.24420877396
0.0995110095209,0.608963657086,0.554592405844,4,0.291181220528,2.31459404233
0.893087160308,0.104663841337,0.220486276724,3,0.397355015716,2.1353293736
0.489953651911,0.113186849859,0.304472483436,2,0.150427867787,1.92314562731
0.387648564808,0.326248578445,0.925200143573,2,0.31162556824,2.20622484254
0.467207823775,0.113636451223,0.330747260017,3,0.343689722255,2.10614813953
0.00572299400438,0.685496841973,0.486056119787,1,0.304809862142,2.00541244859
0.727397326882,0.504792539757,0.303138961811,2,0.234111900379,2.05828468933
0.660030970822,0.00870966997314,0.844094992302,1,0.912564131747,2.28599918147
0.758377313289,0.281774144175,0.351669323522,3,0.383012080831,2.19089818955
0.90310030222,0.892753467,0.847533666502,3,0.504818651184,2.52504828405
0.578407720212,0.0718500897498,0.343168093901,3,0.210964711112,2.05954710259
0.115514572145,0.160291861927,0.367503885244,4,0.5434657684,2.27124730253
0.428196732471,0.908272962999,0.510629145989,1,0.86618324969,2.32413630952
0.735230713301,0.588175942186,0.763517001132,4,0.951225793109,2.70070367735
0.959683877967,0.446591329281,0.979609913753,3,0.0499514765231,2.29915021839
0.77505708255,0.540011149466,0.386662977877,3,0.374501374599,2.25130738135
0.138053281211,0.837681833416,0.0091828154449,3,0.270691059973,2.09237296343
0.828931289123,0.426425781208,0.675063978678,2,0.30517978795,2.19276939394
0.689205699368,0.0432629268476,0.702256679257,1,0.528677734025,2.09972125269
0.169154761105,0.607570388262,0.458799908723,2,0.91039192156,2.340226295
0.545821636732,0.882892408624,0.303986021634,4,0.701230836294,2.50284878641
0.933849110335,0.984341627628,0.649874508579,3,0.185375006272,2.35936559164
0.147647596979,0.6424751217,0.789500690263,3,0.744235917466,2.4778043581
0.816698940057,0.959605372275,0.624224237628,2,0.405647291164,2.32311715621
0.43671806199,0.0197345735311,0.65660309564,4,0.712316339289,2.42952618531
0.116936548728,0.320199464012,0.453098784381,2,0.020366474324,1.91980977272
0.026304547422,0.854266844072,0.773924851148,4,0.53112462298,2.51811112809
0.403768277984,0.418214925496,0.826062447487,2,0.478567613847,2.26326559268
0.915341909627,0.848867549423,0.453653198486,2,0.890598399074,2.45364302002
0.92090727647,0.310457757316,0.990794533098,4,0.631853585061,2.60416207306
0.279794802462,0.56669774598,0.445309665663,1,0.212449985764,1.95989192345
0.0373722469078,0.983067274698,0.490451268972,3,0.796028883598,2.46589761376
0.440949783494,0.630829807709,0.374844351173,3,0.944077252295,2.46034514616
0.490640119421,0.468042849652,0.211735236741,2,0.309814081138,2.03011878535
0.440956900636,0.607381555284,0.33394200637,1,0.6396981705,2.12163387123
0.343372040667,0.818766793517,0.709503311283,1,0.229318744823,2.10266905408
0.56525131432,0.562745814112,0.108231205311,1,0.528629279912,2.01299536781
0.626384538681,0.648140235369,0.497501774339,2,0.51485525097,2.24745913363
0.976411120578,0.985662409612,0.0681649619141,2,0.437821901046,2.19035184297
0.287417268919,0.889369416846,0.843474415355,3,0.86916201336,2.60732274021
0.0943475363548,0.677070878965,0.525395937821,2,0.332035509778,2.13528191469
0.97356573761,0.35514893471,0.192687342332,2,0.209729271511,2.01008427201
0.72063627501,0.982099945691,0.965339573972,4,0.0282176431015,2.46937254607
0.143382167141,0.156710709953,0.977348123804,1,0.830737603398,2.27117983721
0.914450322008,0.153793845142,0.327726040447,3,0.596117364859,2.25896855931
0.598343281918,0.180801818633,0.716226275742,3,0.496827087728,2.30959340973
0.735626037798,0.030684990255,0.228680914833,3,0.546704765074,2.16698578231
0.51585470303,0.150190231044,0.639992655001,4,0.935316676232,2.54774798351
0.897561431199,0.388780401385,0.565171740339,4,0.633283998727,2.49037734499
0.614723291455,0.776378389254,0.868985269709,2,0.0982556192897,2.21674583562
0.650676357377,0.214453519312,0.136153422854,4,0.469194957132,2.23648234931
0.0565206025204,0.602115879096,0.23821444236,4,0.0496038715475,2.1173811174
0.0300470558809,0.122569218459,0.632376424876,1,0.0277862975843,1.82834599578
0.662201876838,0.211034481276,0.979772760402,2,0.240846533837,2.19869752559
0.511831736484,0.928544016219,0.566845589954,2,0.787569132369,2.42197330683
0.113848279984,0.443616126622,0.294169752371,2,0.389828757636,2.04429048209
0.16294619507,0.812894184374,0.844726023414,2,0.895173713257,2.49036074871
0.0486127787294,0.705295550469,0.601235271567,3,0.308457804405,2.2496740912
0.551312670657,0.0384395595378,0.776804745306,1,0.724823374067,2.18578995219
0.177481339782,0.201124269762,0.224941663774,1,0.753467438186,2.02684246234
0.946053011127,0.783929201098,0.6058200718,1,0.771746762861,2.34183586802
0.506882730961,0.704717735653,0.683314330196,3,0.263223869287,2.301915667
0.620620399966,0.209133116955,0.172598678773,1,0.81199059728,2.08046450593
0.477557921335,0.850446004963,0.446732289402,2,0.0634348772219,2.07723863084
0.950988636263,0.666711919122,0.0873084976594,4,0.0903229952794,2.19076299486
0.0806819349949,0.250159634028,0.0174295801185,1,0.101483081307,1.70392222686
0.412497158428,0.703210979141,0.727513089531,3,0.97112893982,2.58859741446
0.317822083979,0.133159330429,0.45542355648,2,0.837889849822,2.23019708136
0.277520657664,0.682298710677,0.0930685225226,1,0.286270887546,1.90664071968
0.445192962178,0.957535086712,0.559208485922,4,0.375249654819,2.45388872126
0.447822487945,0.32479518322,0.330671145572,1,0.579636144499,2.04079708691
0.796783526146,0.508128648808,0.56366956573,2,0.161750099464,2.11510499188
0.360482723735,0.769122766623,0.197199373276,2,0.905244042491,2.31113025468
0.977634218132,0.420754504686,0.721016527059,2,0.0559957736593,2.12061759033
0.455278603832,0.747303389929,0.0841716716272,3,0.453986303262,2.20183456116
0.969684553897,0.0646978034979,0.645277677324,1,0.422124253367,2.07234102063
0.107306564322,0.431276054675,0.124865028213,4,0.613323362663,2.2797747209
0.71158724934,0.496704543051,0.108871199416,2,0.847686255306,2.24223549549
0.613715372093,0.207666104822,0.554608270981,4,0.771576467849,2.47791782661
0.866376660461,0.803454643621,0.249258273584,3,0.378448649608,2.27348553669
0.220268497829,0.945470556256,0.0634579080128,1,0.89679500541,2.1888763356
0.39165397372,0.510449165669,0.363292892215,3,0.564958566829,2.2762265249
0.114664907219,0.700114052651,0.82876884073,4,0.404799319977,2.46203968146
0.150063152851,0.310330583368,0.501824284007,4,0.111268441693,2.17212709384
0.0408511492506,0.162704749491,0.185355812317,4,0.0693791857418,2.01998448282
0.0863395710614,0.0128382360472,0.996941276744,1,0.0446281859067,1.9281352617
0.698867459991,0.0123692166208,0.0603688627745,3,0.35012072618,2.03051953863
0.80800312488,0.917325848496,0.664833193886,3,0.532403752895,2.47667694151
0.0295287309745,0.922322788453,0.752969560715,2,0.443576697608,2.29073897805
0.744125882892,0.0917805887442,0.59630056847,3,0.323883197064,2.2012121554
0.0913399669542,0.901859339007,0.840473733345,4,0.406899157625,2.50440764755
0.233547376799,0.760934551156,0.842025573951,3,0.997380936223,2.62710169459
0.555285966396,0.883412893922,0.0940471965824,2,0.19898304176,2.0400185511
0.521141404078,0.0985125919656,0.450144261245,4,0.265339510491,2.21299574137
0.621416735744,0.706265362058,0.201294491659,3,0.824046469413,2.39340168125
0.425711398445,0.503468038697,0.478542742563,3,0.394525350536,2.24463771057
0.30483821721,0.791494485918,0.902092263854,3,0.428541039847,2.430826814
0.261410235431,0.927924639078,0.397575733906,4,0.133439417505,2.28437443853
0.985398502538,0.503608544449,0.554901174816,3,0.686982780815,2.44052502391
0.158156585532,0.398231633923,0.480922796025,3,0.333240772757,2.17303513325
0.408222096291,0.551474014744,0.678466970837,1,0.645578338433,2.2128884392
0.637176970427,0.716399326987,0.833531118297,3,0.397345641722,2.41599515462
0.0664980847868,0.463306193567,0.123714671886,3,0.620281908818,2.18453821229
0.338839127681,0.589299701798,0.616277577977,3,0.784204766081,2.45030903295
0.170289873453,0.545808753043,0.272630485109,3,0.204146048317,2.08963830281
0.0567533858871,0.240984958617,0.207295849305,3,0.950647386646,2.29632003976
0.0392052201609,0.310500610259,0.534656213407,3,0.304652352943,2.14827844927
0.705684616712,0.981011003141,0.732700752861,2,0.106910992194,2.22934528504
0.728237224795,0.536562996779,0.232744293954,2,0.875181475015,2.30003220003
0.847009721574,0.406593317859,0.240797944409,1,0.854914378664,2.18022477052
0.00478694831049,0.78033962386,0.0980406074002,3,0.499618481741,2.18580619452
0.181565949611,0.511274525434,0.247586164173,2,0.19708052744,1.97351956028
0.0658940396889,0.518816749183,0.871302657425,4,0.231337925886,2.36427872139
0.830246765769,0.881220126311,0.50553438481,4,0.141714063069,2.36761464251
0.856178162169,0.254491506052,0.97259010367,2,0.725511424716,2.41849771841
0.756187205704,0.795125787648,0.0271350012771,1,0.814159229406,2.16844807025
0.169762100191,0.910909030041,0.400803847646,2,0.618075429096,2.26662934196
0.0843079341673,0.939954526517,0.340346999562,4,0.577514626599,2.42953164923
0.945866083258,0.822127067348,0.625951819706,2,0.413765125862,2.31230361805
0.507497865533,0.232233463424,0.545290769254,2,0.420742161077,2.12908057444
0.288684314293,0.312286450675,0.529303626711,1,0.806685873133,2.17279115883
0.700864717543,0.47773247136,0.319099961412,4,0.256811431962,2.26408752723
0.233756721691,0.659388207047,0.0545289250546,1,0.919384496916,2.13936578986
0.830726683282,0.995591494763,0.133283127841,1,0.811573892615,2.24680546268
0.0734011484233,0.386494395976,0.716562860826,3,0.216490325649,2.18620398254
0.238561036649,0.834244161823,0.841214185025,2,0.941346888486,2.51960794693
0.877520534671,0.910259571528,0.547929300917,3,0.718550355497,2.52160290025
0.512063797867,0.860585177397,0.754295316189,4,0.720743748173,2.63790950939
0.57820277542,0.222242829935,0.957892808639,2,0.266688211605,2.19631197076
0.181446037042,0.492175589216,0.0708715438005,2,0.391211051341,1.99432560522
0.584211827418,0.498895582159,0.714832121246,1,0.762358409287,2.27759329926
0.428766632001,0.858470770998,0.624345749237,4,0.956458506568,2.6844579448
0.659728887466,0.553621113968,0.540129253254,4,0.235507719638,2.33293897537
0.00144361866102,0.347588318231,0.962793051774,3,0.539124859954,2.37414988503
0.223953677997,0.273099926969,0.0654808502964,3,0.87385886058,2.24620315251
0.332639515222,0.88785574898,0.702971786496,3,0.947048556711,2.60054605995
0.61713753615,0.79403668475,0.686635330721,3,0.50631018618,2.42903576425
0.698151116333,0.306728924484,0.988568020411,4,0.780008294696,2.63973462053
0.349270508398,0.0610649741338,0.36307587631,2,0.410987642375,2.02045786551
0.753493210599,0.00254073851345,0.991280815011,2,0.72468633615,2.36311624773
0.584577043679,0.0461615527335,0.37646360692,2,0.64623889011,2.13912465303
0.00795607079177,0.148719920474,0.375620603135,1,0.23614394095,1.83768334849
0.697343258756,0.870327845609,0.251620576443,2,0.761940044051,2.32406208555
0.468330449966,0.955979870164,0.966416993123,1,0.0972463050692,2.16685263899
0.213637119126,0.108162567864,0.670640473464,1,0.984681931277,2.23806114004
0.319293199144,0.530039238852,0.321744386954,2,0.145202879135,1.99254163543
0.321716420337,0.787244801571,0.431297093924,4,0.52025436671,2.42711147721
0.980785573097,0.129887976036,0.0272776404314,3,0.7973232532,2.25116874593
0.518025039942,0.931614110849,0.309678546861,3,0.704700489579,2.41290908605
0.557662319189,0.647880205609,0.392230324135,2,0.0609685700256,2.02739879829
0.50496817555,0.534957023979,0.644166636488,2,0.317984554461,2.17793203508
0.930200663226,0.594934054375,0.748039977975,4,0.49983525185,2.53635297133
0.499407919339,0.20050412951,0.381831700689,3,0.82227639473,2.33350168593
0.377956588054,0.709754505979,0.7970979594,4,0.72075444812,2.60717772707
0.4837514807,0.713685968264,0.863418523661,4,0.485328413379,2.54426926417
0.256672027458,0.570293332992,0.304360525011,2,0.597286475275,2.16994861696
0.63674805073,0.929587262651,0.712109898548,1,0.913459936905,2.42860920193
0.366730712879,0.622781478179,0.657380667323,2,0.663736547433,2.32393818609
0.243414263966,0.599482684896,0.025273943146,3,0.169442031899,2.01959695908
0.136658623392,0.325292118463,0.922994028665,1,0.19228797994,2.03253768661
0.368291866205,0.541931187529,0.133525745682,1,0.09013613807,1.82132760306
0.497397343013,0.257668637713,0.579173268663,3,0.723766487667,2.36453203751
0.261638581816,0.239605977036,0.0812582740243,3,0.132794463643,1.95158032125
0.527473305056,0.944275123575,0.574230147802,1,0.760086910075,2.31790616359
0.707015706857,0.614641810825,0.790116083939,2,0.133492456043,2.18406174045
0.134306962668,0.0540511777317,0.0704155864828,2,0.381033715394,1.89777909392
0.728151710145,0.287504444504,0.682645599512,1,0.836979712555,2.26990162479
0.556763815164,0.478657212551,0.460473223384,3,0.901860820649,2.4502941193
0.254780809505,0.695914351888,0.758422688052,2,0.789267933693,2.40789493122
0.250750951615,0.99790384057,0.795298600464,2,0.986443133695,2.55782269689
0.113058878435,0.367792841288,0.414447023027,3,0.580341105901,2.24133500537
0.90524547814,0.500841970523,0.310243138331,4,0.700205169108,2.46384795106
0.310823216395,0.04574236305,0.882263048236,4,0.180782363354,2.27722265406
0.00140303677256,0.687760341836,0.163512500617,3,0.257885825466,2.08990045242
0.286755767053,0.868549927297,0.306483008033,4,0.102192797494,2.23520758357
0.0703629732421,0.547577534678,0.101188097692,3,0.0767719286485,1.97761700503
0.987481965121,0.0315650331257,0.627440751554,2,0.469568297918,2.18112074777
0.0149907003569,0.847543822491,0.478160292967,4,0.50015991032,2.41451988655
0.0732763693876,0.262033311962,0.626176115536,2,0.780959992995,2.25997113119
0.261908392125,0.809685325959,0.580882333356,2,0.376140106,2.21284864681
0.554227266961,0.933582067778,0.353522802459,1,0.276274794731,2.05870589888
0.532614022743,0.0354314152342,0.292900181692,4,0.274987644983,2.15821279782
0.29634927572,0.0575307513741,0.669364728109,2,0.99476246369,2.33985548176
0.981168509759,0.857526812182,0.973810328954,1,0.840674723084,2.49803520133
0.0895723124564,0.147451497321,0.668477582901,1,0.856364937674,2.18153678065
0.734283346895,0.0642402868759,0.388855764854,2,0.194158191217,1.98059639801
0.460616224992,0.394916810333,0.389997630325,4,0.722152189102,2.4309051493
0.37512872526,0.720339565323,0.317200422701,1,0.46373980882,2.06223683593
0.653228732534,0.362235499242,0.718380848701,4,0.429504065812,2.42508585404
0.328147410432,0.889114623754,0.291501278367,2,0.792849153873,2.31522771085
0.82673802781,0.18835697854,0.888856543714,2,0.32524553132,2.21710037413
0.594855868793,0.670411173389,0.747144277922,4,0.61700372496,2.56451259492
0.685281313309,0.935506386615,0.64018399745,3,0.881078291979,2.60011592468
0.509887352821,0.310782771023,0.419366526974,2,0.946982115634,2.31774809383
0.695844488549,0.6199441964,0.972572126656,3,0.662885546797,2.55049914485
0.572386125839,0.640646966702,0.658347404216,3,0.42851396039,2.35427781134
0.166166120201,0.423881199165,0.678764531307,4,0.86692758588,2.5517932456
0.280364399616,0.464538402731,0.897840483379,3,0.311072724959,2.3147253555
0.353564047974,0.319630390871,0.732344325751,2,0.376083934638,2.16941935455
0.505836904116,0.517609352795,0.721315419105,4,0.425206864904,2.44058293266
0.885013179198,0.117322192971,0.629545805308,4,0.618710515397,2.44831370427
0.282137569608,0.827585410185,0.560038022484,3,0.660655016889,2.4260042525
0.50154968321,0.684560068689,0.17253576612,3,0.715471961397,2.32501649645
0.894722889467,0.549457061768,0.95428236666,3,0.64841682756,2.54501514232
0.199421847594,0.543301784424,0.790230361952,1,0.124921203189,2.01564013151
0.929441232456,0.0481212918719,0.302474674114,1,0.664413920978,2.05907635225
0.178461372098,0.711479428905,0.623474410845,4,0.347657672758,2.38624741535
0.545551957507,0.0496293072208,0.37005655978,2,0.00500089411063,1.87749838277
0.322798590177,0.413749430963,0.448539244593,3,0.761921239297,2.35436001431
0.210305606922,0.49320463727,0.0886697628968,2,0.218306223725,1.93359490651
0.615193808168,0.144336807781,0.0358251448799,1,0.856809091475,2.04385792243
0.386247277626,0.274805182702,0.747586403805,3,0.482745323118,2.31095981469
0.692475007569,0.165937130037,0.808945364133,4,0.405519471188,2.40732632448
0.761754175945,0.413925208189,0.0794229079563,3,0.197592485546,2.06182432584
0.791459055346,0.610246803385,0.995849181227,4,0.565206810028,2.62603274459
0.357919279866,0.00632196781221,0.291202940213,2,0.25181702294,1.92514401279
0.807567050438,0.195429842873,0.896349909408,4,0.454354648188,2.47048950572
0.812651896284,0.342801292299,0.257648594094,4,0.0891810746761,2.16279245619
0.0747170993101,0.81316567823,0.452875515662,1,0.23053418864,1.99818117573
0.984510513548,0.348355695043,0.568517579634,3,0.807404805659,2.46163938652
0.788091137407,0.505110125184,0.320401823962,1,0.629580922527,2.12778405498
0.164411664584,0.104033158251,0.928219249826,4,0.507222989635,2.41860276891
0.795397807755,0.629280988503,0.510921192151,2,0.223767420138,2.14817930418
0.938072493169,0.988345603789,0.98833549927,3,0.445792989515,2.56629421566
0.114311077691,0.494889066378,0.604770923164,3,0.837629495435,2.42689199617
0.886491787529,0.297556356847,0.557437282685,4,0.299611723349,2.33523632427
0.73763291086,0.0863550990035,0.661836536054,3,0.674359224282,2.35932896142
0.390284040445,0.0912410966412,0.787877788819,1,0.0717803480801,1.92235209925
0.0682798223308,0.670899349346,0.492007325966,3,0.657107675704,2.35145312017
0.14969836371,0.894716985794,0.478653344176,3,0.942813491919,2.51463463355
0.886872973489,0.310665413577,0.518800655265,2,0.571054630138,2.2348824287
0.613972719952,0.84989112016,0.615967380889,4,0.235799335706,2.41048544458
0.187376561659,0.163643628321,0.983736497871,4,0.657868032153,2.50973454405
0.397807053791,0.555428762962,0.813501327592,3,0.887942652658,2.55009391731
0.230906389668,0.146811910691,0.869063302225,3,0.93457148783,2.4870006069
0.00371292174563,0.159264210997,0.571342695195,4,0.439137678819,2.27928201446
0.302399405817,0.232036429546,0.0682743413757,1,0.340294554628,1.83324735075
0.198632970235,0.653873646102,0.858447165696,2,0.00211585136432,2.1090185165
0.0961346747043,0.689388525196,0.697299803523,2,0.595086684622,2.29471578742
0.085170376223,0.554682451706,0.710293527013,2,0.0549893812688,2.05453733857
0.192219535536,0.465716316511,0.24694253992,3,0.724896895612,2.27640673708
0.674615796543,0.0694574652014,0.783877624904,3,0.0930395001089,2.15373216021
0.265614813696,0.00882993280263,0.0280145566436,3,0.0146897528454,1.84260773606
0.675194107914,0.427525236292,0.811949033551,1,0.312293546797,2.12152658683
0.582768274804,0.659231267728,0.155360715248,2,0.787365541647,2.25167751226
0.629748500846,0.0354895480222,0.370821593662,2,0.282877610131,1.99447028184
0.729196427093,0.0264319832152,0.879991045864,2,0.807748532103,2.36530276595
0.263806940783,0.636968782943,0.689645870515,1,0.800989025527,2.28106382203
0.397019379458,0.3561111645,0.0440789814304,1,0.627860152871,1.97529192642
0.0214586045359,0.68743630935,0.427732643163,1,0.559367562539,2.09169994029
0.769255771245,0.460899751558,0.833491621397,3,0.155125361618,2.2812031585
0.577722975531,0.915284278957,0.549107500714,1,0.462093004935,2.19039860553
0.212670113539,0.89327381732,0.649060070425,3,0.175669742189,2.26490769282
0.458812296792,0.0447279516665,0.475551107144,4,0.446251528241,2.27599276345
0.605231992811,0.917516121559,0.630745181813,2,0.296472576347,2.25183900868
0.906581824203,0.472331911759,0.170455595021,4,0.183109802595,2.20950516432
0.674747588552,0.225097557085,0.85818928889,4,0.99304469274,2.66716893404
0.565436865317,0.402817045558,0.109866145836,4,0.984609111172,2.46391058386
0.0787050524979,0.445815478829,0.820477589649,1,0.450164203654,2.12324255937
0.278136037371,0.811479899052,0.769181575409,3,0.726043221335,2.5112813447
0.466115265072,0.635819158742,0.793637459988,2,0.13495979513,2.1658505143
0.607551505216,0.819991584141,0.428121603534,4,0.36311926642,2.39843765498
0.607720660285,0.51116304716,0.429644018149,3,0.0130779111107,2.09712904535
0.937218373847,0.134116097313,0.0219189560991,4,0.621493507685,2.27571814675
0.842673780701,0.820279708623,0.515984857606,3,0.640537782429,2.45933389005
0.60970217726,0.969856551375,0.547393904596,1,0.502788249967,2.22027499937
0.568205123192,0.00614641964243,0.054517579719,4,0.676779695171,2.24511694823
0.856125298545,0.50981504834,0.403198349502,2,0.656194966202,2.27101303085
0.360156884375,0.375387206235,0.262856740001,4,0.530225283537,2.3020402651
0.798550543719,0.135052261405,0.233371628794,3,0.173948678203,2.04645646657
0.12323511994,0.156719250265,0.453750841883,1,0.186402737139,1.85435370947
0.754284973708,0.0457185537393,0.0527047559495,2,0.726237466746,2.0908786216
0.390257704547,0.0612408612071,0.481029890497,4,0.0314369775707,2.10815770087
0.850318892498,0.848965275021,0.286000785626,3,0.197925378445,2.21979533132
0.439364355265,0.393298629005,0.278318102187,4,0.557008153354,2.32889485333
0.00761126821253,0.813151409307,0.421703694412,4,0.963270458522,2.57521070042
0.940950137485,0.288416490191,0.522654801287,3,0.800003921723,2.42857632086
0.489917348758,0.352729748898,0.353370938605,3,0.000259001177037,2.02565256671
0.265249251569,0.737723013585,0.811131292282,3,0.252761127839,2.31851336669
0.0293693348886,0.868392629325,0.101305143472,1,0.761102613895,2.11144804795
0.575517051465,0.405758244196,0.201076095433,3,0.162820838664,2.06415451808
0.629720094964,0.972402859712,0.62843521413,2,0.432659845507,2.31904708388
0.019498629714,0.475470702867,0.114494694297,1,0.547081243924,1.9502249094
0.326149829066,0.0986167627247,0.563416762977,3,0.239738554261,2.11725878605
0.785986185845,0.585707077395,0.690968272729,2,0.718553971151,2.39045210434
0.060076853442,0.518165781354,0.296847776574,1,0.249340895883,1.89843153294
0.0839948051822,0.659920614082,0.656282594554,2,0.263305566178,2.14259060817
0.374015137765,0.652207456035,0.431326447241,4,0.623196537142,2.44651955401
0.997730768616,0.914614719487,0.496359906977,3,0.895900627267,2.58996424376
0.773717600677,0.836307233174,0.570742089099,4,0.240089294119,2.41189155108
0.177486211578,0.529665449727,0.874766578815,2,0.837456081706,2.42109411743
0.366774765195,0.557565624352,0.466794029901,1,0.0883428137453,1.92356593586
0.308913371444,0.0455957866449,0.105359479824,1,0.780752052037,1.98391915924
0.278537889672,0.520212810899,0.692466842732,2,0.882939126369,2.39281205451
0.526202217712,0.997899035736,0.761241810866,1,0.278058681208,2.19179604466
0.840706767021,0.840484978704,0.502810380135,3,0.396212414693,2.36149575236
0.673268164553,0.468956087013,0.891281520597,4,0.254886942308,2.43045726696
0.252906280218,0.0493288084263,0.450090072324,2,0.838148989613,2.20544300725
0.189337286159,0.644223231996,0.473896231856,3,0.811083645612,2.41438070282
0.966632813844,0.260033554191,0.244408651793,1,0.66976537672,2.08989873845
0.814537152155,0.596052804647,0.984658853592,4,0.727887051898,2.68721675298
0.50526919554,0.689724135465,0.0482002785019,3,0.238803142325,2.09845308713
0.512895510303,0.879351196482,0.165350472631,4,0.238142047739,2.27202175121
0.248307646378,0.775041974853,0.730817902991,2,0.774069432441,2.40871230348
0.507103121451,0.453060914963,0.890059058704,4,0.12975395084,2.36024179308
0.592647334723,0.0357571430602,0.419830996271,4,0.685914885574,2.3667314152
0.145591853524,0.219872955841,0.450859018724,3,0.202407773435,2.07475459151
0.174258269633,0.101392343242,0.930598218094,3,0.270023143558,2.22489301846
0.512418324553,0.580420362088,0.217296870241,1,0.914385376215,2.19826911643
0.515835420568,0.857739958896,0.0293383054309,2,0.820066537489,2.25995964046
0.730770129266,0.159983968533,0.1807785488,3,0.587508661318,2.1943108358
0.674752243018,0.533681143869,0.330073064,4,0.741339305585,2.46976909451
0.567137395472,0.101511441239,0.391674137142,2,0.993267991132,2.29182546539
0.393887930518,0.356241016237,0.33447089592,4,0.970231072022,2.49907069388
0.563085726227,0.445209222677,0.706230680005,2,0.937075734257,2.43204991486
0.787978309912,0.916495371285,0.308060162138,4,0.777242781408,2.56541206645
0.0721901148272,0.296590689866,0.205936500711,3,0.368880827758,2.07587043077
0.385296631218,0.410788791874,0.480967088854,3,0.67563409581,2.33523118648
0.0365625628822,0.35955019212,0.210152600852,4,0.0298907999533,2.05056839495
0.907211641305,0.280799913212,0.659222095119,4,0.93794129403,2.61982429292
0.5807092984,0.439789986713,0.160830113355,3,0.61131639065,2.23880451745
0.347841097172,0.148210997525,0.889705182849,1,0.777574831604,2.24236779672
0.725641029654,0.588849112203,0.279410535661,3,0.47152309381,2.26276632363
0.956960414739,0.908597529583,0.95658897029,3,0.274550888141,2.47421259373
0.150900679312,0.876384606873,0.549716014879,3,0.388930763023,2.31085409898
0.700590895348,0.000459483389412,0.142208192735,3,0.303390520277,2.03416965214
0.533517466114,0.748665986864,0.916216594093,1,0.323263364734,2.20725526811
0.442015312206,0.379788921664,0.734018241515,3,0.512383030901,2.34531800037
0.826653330518,0.304770033491,0.437356847622,4,0.941248197648,2.5513256731
0.480538203599,0.552893494907,0.779862178116,1,0.113716576869,2.03807780352
0.534198713237,0.797617877051,0.920298139607,1,0.722076406259,2.37786345112
0.713018110283,0.902853333731,0.840190032789,3,0.0169113833078,2.31069404093
0.348538019227,0.156206553439,0.726892176132,1,0.976496447805,2.27476134457
0.632326933724,0.997526944744,0.0135337522805,3,0.798840133598,2.38633426144
0.946249940874,0.38228849495,0.64041967136,4,0.416814353419,2.42993433585
0.590052861465,0.478639677607,0.439351615826,3,0.0947270318904,2.12442951917
0.960743312769,0.0517960465668,0.252479286957,4,0.344580755918,2.22000962904
0.180795731245,0.927876821873,0.790923522073,1,0.771325086947,2.3494620289
0.37721098033,0.0555209741992,0.0773314467838,1,0.116714016392,1.71871033346
0.143989574328,0.285504862147,0.130697438672,4,0.681317117366,2.28323600841
0.307464064907,0.259306770816,0.732138072647,1,0.577654333519,2.13331091586
0.137615403135,0.0329225658733,0.0404782062926,2,0.944011934419,2.11009428914
0.889833838972,0.651667428089,0.0208457273034,3,0.135113151623,2.07961584836
0.141855324228,0.250472816634,0.507088710273,2,0.364134608409,2.0620605522
0.589755009707,0.139097531161,0.0614197495759,2,0.742354234524,2.10216262589
0.690242309529,0.770999609108,0.52711954866,2,0.87381353555,2.43088543159
0.0465879864861,0.188074593372,0.201665604335,1,0.888887751122,2.05832849907
0.619853090139,0.517113039034,0.119581090992,1,0.370470666147,1.94947051058
0.00922898459577,0.037124317951,0.365389752097,3,0.367239370645,2.06486043594
0.914713834279,0.921285532332,0.397485142887,4,0.446588552094,2.4736094536
0.515011347014,0.962958770721,0.400675880472,1,0.189879179183,2.04024732466
0.647397912942,0.251814928059,0.262125917878,3,0.862604101672,2.33878219294
0.121437038864,0.170293437637,0.408122792152,3,0.328449544658,2.10001904692
0.731245930248,0.181908375929,0.42018822672,1,0.500524720033,2.03577262424
0.539422927131,0.179802991451,0.51642200011,4,0.957726467912,2.5279200782
0.488060472926,0.72019972108,0.0706318726232,3,0.112874361516,2.0591852979
0.266027516799,0.143776349685,0.0555295120296,4,0.974328002064,2.36174807605
0.854729794318,0.769533237973,0.581987775579,4,0.55357370886,2.53540544324
0.0157211801459,0.724820758472,0.777889536904,3,0.691780989524,2.45661552659
0.650684429577,0.470963952866,0.319752158013,3,0.114132631755,2.10083993364
0.933079434323,0.555909474826,0.87573007213,1,0.511142185209,2.27166573412
0.237863581787,0.265314762773,0.42732743421,4,0.006763350801,2.10775288132
0.759751263239,0.252151722934,0.0899100025118,3,0.520851524576,2.16171908149
0.149128490038,0.857942159723,0.937692737145,1,0.991098154963,2.46424836408
0.864954137265,0.859845631177,0.158775178896,2,0.831811052749,2.33882151473
0.508099196936,0.872396321235,0.217753324571,4,0.943398203013,2.56797446252
0.933164394385,0.968698311757,0.985359542972,2,0.393194178439,2.43994163606
0.453444451959,0.852902397004,0.813859086542,3,0.876679098628,2.61075429001
0.95505232635,0.264450579322,0.159281819212,2,0.730075196338,2.1882099728
0.882699375363,0.247046221476,0.411601408081,4,0.186016729085,2.23556629589
0.106384982321,0.00709443307562,0.113995046631,1,0.572991051843,1.87545231957
0.663199357686,0.837045299043,0.577179044331,1,0.659399533345,2.27064252221
0.692670710367,0.155683460542,0.33991024651,4,0.547653837043,2.32143837192
0.317598936777,0.242718147133,0.443620705437,3,0.418667019998,2.18085654273
0.828217855066,0.824936003478,0.907552375684,1,0.960050336163,2.50409483337
0.512892647369,0.576156653567,0.741661746187,2,0.321373319934,2.21756844728
0.502074214074,0.692402981531,0.365009076032,2,0.0712979323804,2.02670991348
0.772188219792,0.265376664182,0.685323989427,3,0.549935902299,2.35586571256
0.850978804863,0.947578989184,0.937469854099,2,0.221941135145,2.34463108861
0.191352810568,0.109625354081,0.921711405979,1,0.0751720716957,1.94764260234
0.99020650725,0.261073420841,0.620634726017,1,0.131854854076,1.99016769433
0.0370374998894,0.515785421853,0.67503938616,2,0.406423510156,2.17194205427
0.62027852391,0.414947385764,0.767665412339,3,0.771706417839,2.48399952038
0.652326401928,0.469353771863,0.239883458405,2,0.552010570204,2.15187266017
0.575716637378,0.580003830625,0.178198771697,1,0.686107871791,2.10147521009
0.213434744324,0.507837061846,0.305166866755,4,0.419768814972,2.28236847282
0.297754525753,0.671066511019,0.185304787196,4,0.0686802981833,2.14705231021
0.249849162312,0.338350982336,0.538289692216,2,0.247876220944,2.05329250874
0.981728874815,0.920982947414,0.804248675301,2,0.772820131088,2.53277213199
0.924638305616,0.971586190186,0.66866049081,3,0.455411901244,2.46954397634
0.423505237681,0.977727568966,0.246231468284,3,0.538306739391,2.3270881738
0.544094826384,0.162934782069,0.729923281176,4,0.880240895883,2.55806978176
0.803019645043,0.072287440111,0.817008077932,1,0.837042307751,2.27467879901
0.975803397892,0.874269215005,0.404430841759,4,0.999467940175,2.69355061139
0.891791125629,0.268349380556,0.877172904136,3,0.182468525191,2.27898826999
0.279721284886,0.0846381849908,0.962889813016,1,0.305253883609,2.05586826284
0.015877754662,0.038722562236,0.114497787808,3,0.848868501873,2.183229025
0.0644808812343,0.39957156944,0.00125040016708,3,0.505420743663,2.08890581953
0.0512312576887,0.0772885075755,0.700332635514,2,0.854340663903,2.2724168835
0.651063018286,0.876492694476,0.73456461287,4,0.685408076627,2.63493745524
0.319384009903,0.683845884422,0.859487874149,1,0.863277921168,2.37186510859
0.293945414809,0.755316589136,0.121551975716,2,0.735330299743,2.21105557192
0.808150429645,0.478247975591,0.395514033138,3,0.839367604596,2.43086588986
0.845719246412,0.665354925437,0.250599392441,2,0.875393881196,2.34298027994
0.0240188609696,0.287108216971,0.328767379075,3,0.0454391087753,1.97662938672
0.67820668537,0.898754959707,0.572340547469,3,0.185980754007,2.29366612632
0.285339482085,0.921200965257,0.486818702881,3,0.518062438151,2.36604472738
0.570092312161,0.302460069994,0.213830571405,1,0.58585078503,2.01599073065
0.561399767341,0.753887503418,0.829633917874,1,0.699253036458,2.33550886736
0.805846937753,0.0153049111281,0.88964071809,1,0.993941251792,2.34811439214
0.366286955105,0.752770516049,0.944315360794,2,0.415365525036,2.33662361697
0.33284856127,0.136195148074,0.0310705957737,4,0.96200772532,2.3546481546
0.613956377948,0.225346829149,0.473929805188,3,0.759540335372,2.35246007933
0.153207867951,0.79308202131,0.819566493022,3,0.712401887016,2.50476789377
0.950533840542,0.742200525182,0.256474359659,2,0.011818015492,2.02516300319
0.450789872376,0.974675822456,0.414896730742,1,0.0260834662785,1.97491655746
0.649757677976,0.669334111517,0.963788126831,1,0.179629602385,2.1598308691
0.979744245859,0.549085858608,0.670119898869,2,0.978881554664,2.50038018783
0.430935353854,0.427664748605,0.95337770907,1,0.834175123565,2.34830984725
0.904185575133,0.384225868929,0.290487309535,1,0.0672029743862,1.88129111391
0.985139554566,0.552150040598,0.928697342192,1,0.391127681209,2.24400423872
0.584860226744,0.230277774609,0.0702234958582,4,0.21012564816,2.10965888562
0.347507949296,0.862877797408,0.228519334555,3,0.639134925447,2.33153612496
0.00152375203852,0.700840031253,0.472444681036,1,0.226775007383,1.97276378872
0.652642884568,0.427017880633,0.337151169681,3,0.726763779554,2.34251872731
0.399649740779,0.935031006963,0.15720045359,3,0.952264370013,2.45503705955
0.348558377515,0.144515617784,0.650641972966,3,0.458388602434,2.24230699417
0.99766923393,0.1945223078,0.999277973028,1,0.51146120853,2.24303926027
0.753522764843,0.483051506458,0.156789909308,1,0.483541854712,2.01241629245
0.288371868134,0.170487294367,0.556319425082,2,0.591539925362,2.16644644336
0.0867953996418,0.130496307565,0.375647286078,4,0.610489930694,2.29166895958
0.486962039369,0.0305907573544,0.54864354915,3,0.661043809401,2.28382494391
0.79877462138,0.517465179429,0.685196796838,1,0.483896595741,2.18248817537
0.337093832442,0.170709546543,0.406944511445,1,0.541563896673,2.00656020466
0.811228393494,0.971328614381,0.827596719447,1,0.148554993231,2.18308957535
0.344467615601,0.524800472362,0.729252235949,1,0.558059496816,2.18140632554
0.874181452458,0.101151141895,0.350630829916,3,0.523145696949,2.22209590138
0.540819199511,0.412522475481,0.446550060571,2,0.133203313642,2.02383275868
0.168547880763,0.993837834696,0.44828037023,1,0.735000152981,2.24410652728
0.0282478027486,0.895763206273,0.404933765387,1,0.746611960663,2.20210233541
0.688710341618,0.0543147559724,0.493374383143,2,0.46454101093,2.11356270467
0.0380099847422,0.279678429056,0.124007501869,2,0.245987741962,1.89533403163
0.418628268488,0.758226925659,0.316104078499,3,0.131173492138,2.14080883239
0.292832644927,0.918885372762,0.351186356421,2,0.782197751013,2.33129534638
0.86102543768,0.329758779032,0.514553248558,3,0.70027642477,2.38653084405
0.971658300229,0.862298515047,0.652908110279,2,0.945523840829,2.54370750245
0.89041700394,0.288299678507,0.420515243633,3,0.572556264947,2.30187871516
0.852086610109,0.445284694905,0.819023297326,3,0.413519225984,2.38538027958
0.918683805137,0.52566916305,0.221294953949,2,0.208904685187,2.04695257338
0.259008400373,0.820237354798,0.607977946897,1,0.696351040073,2.2508821111
0.442761087199,0.593414444525,0.424733663533,3,0.570819550548,2.3187069169
0.514934962622,0.860914979376,0.12238555729,4,0.175322506421,2.23052116189
0.0830616470816,0.788959917145,0.718821703816,4,0.712976098822,2.56693509881
0.349585563504,0.79682653572,0.788745412004,4,0.6493755702,2.59069771518
0.915765435706,0.711655395093,0.79077515066,1,0.458022833137,2.25434930104
0.937674875923,0.108124401849,0.805829434083,1,0.600464423091,2.19732696742
0.383885725535,0.390299667294,0.619188948064,2,0.0303113563795,2.01432973298
0.402722965071,0.392833493748,0.438978511562,2,0.017390419099,1.95748871637
0.262571142763,0.905072028696,0.351834697759,1,0.406732571899,2.0755149581
0.706421725493,0.250224691453,0.783369526149,1,0.615302211176,2.20181885315
0.855021555863,0.246445970983,0.143747327376,4,0.173970773987,2.14750385759
0.0475079155122,0.572911379878,0.37864409361,2,0.445027662563,2.11093736064
0.99989983627,0.50996290057,0.301224293334,1,0.150354869723,1.95249179963
0.400393408569,0.288212295238,0.189171691697,3,0.476742819594,2.14513043525
0.584999705711,0.979085029745,0.808121970799,1,0.894716391759,2.45464012446
0.0735001437629,0.228646132753,0.0160713811866,1,0.503928685889,1.85947212964
0.652508260407,0.894158392848,0.178230907889,3,0.156995535861,2.16034999132
0.648311578612,0.396524966266,0.718641525936,3,0.323909890066,2.28929256492
0.481298008725,0.750757858742,0.981303440105,4,0.672709980057,2.66175639668
0.626545271168,0.939277786512,0.0408298489676,4,0.592004055627,2.39956066136
0.90015945187,0.362490733335,0.270076794607,1,0.407940516193,2.00671333671
0.645803627306,0.510889904939,0.390160498596,2,0.803854455969,2.30534827568
0.57442756655,0.062365831774,0.211392481025,4,0.101452116557,2.07391451394
0.915181863187,0.671628974043,0.533101619115,3,0.868847098422,2.53331330623
0.780468065024,0.661719761467,0.439009764033,4,0.446532032058,2.42070650083
0.514708027507,0.402589995255,0.261545073531,1,0.324521291806,1.94026084058
0.0399763671373,0.362254504322,0.219405610588,2,0.737819403481,2.13739798215
0.101813059622,0.593938072666,0.702646620163,3,0.11256105894,2.18478733012
0.705377560358,0.462068902428,0.740663568168,2,0.986474242072,2.4797403038
0.306252208167,0.207781271466,0.0849350486088,4,0.654178977494,2.25933358069
0.312361683075,0.444241478669,0.409556707807,3,0.316669888609,2.16961943183
0.802319921945,0.638274921533,0.915001389493,1,0.217112115384,2.1692322395
0.253255259547,0.412592221917,0.497051766536,1,0.70135006909,2.13749952793
0.270296204457,0.971793787396,0.222735689051,2,0.0807284382114,2.02050045992
0.527406810107,0.722552019474,0.710826562275,4,0.119437762497,2.35827415859
0.931803581164,0.503484512864,0.571247717479,2,0.50195193675,2.26603235063
0.937639671242,0.124585050501,0.128270327997,1,0.462672562163,1.94223110049
0.577526316343,0.204655076095,0.0784093913583,3,0.126302474176,1.97272745393
0.799515696199,0.657699716343,0.483963868761,1,0.766284628318,2.26319452484
0.514670244169,0.369390202763,0.310331298273,3,0.1272389485,2.06934003385
0.560918914083,0.918231321174,0.976494293208,2,0.766653958542,2.53934802702
0.140048562438,0.556006411112,0.316381512345,1,0.0703647181909,1.84826647945
0.251669479865,0.585856989479,0.745814889133,4,0.639726378091,2.52197336386
0.452069540549,0.0394860119937,0.173891341793,2,0.70795461014,2.08845340305
0.842515153762,0.932444090746,0.694205975845,3,0.702583605661,2.56003556854
0.117948163474,0.604443303419,0.416879033869,4,0.423747260882,2.32724609154
0.27189345223,0.338139125557,0.186682077381,2,0.472971293481,2.04001031094
0.230634609029,0.765658915384,0.574231979717,3,0.750068696431,2.44849231647
0.272803456073,0.529491128729,0.61650916469,3,0.112384642533,2.16308517777
0.818038766907,0.584577984912,0.0251871720847,3,0.935785725732,2.38058991559
0.0413721017651,0.202989187865,0.924933709115,3,0.206659426593,2.20487893112
0.790327397765,0.774774615383,0.0222010799405,2,0.858507442022,2.28405096364
0.0264607865398,0.988846595726,0.539987344669,3,0.270139623614,2.27046745065
0.0250639366098,0.163957698524,0.379120930059,1,0.412863639997,1.91417966838
0.439531766374,0.0844164224207,0.908678159827,2,0.544989039294,2.25143552479
0.598801258435,0.801316379608,0.78771278399,4,0.151697259519,2.41713614077
0.0670842008464,0.132854087574,0.193734937323,3,0.467878488787,2.07855111431
0.22272491603,0.567575705516,0.0598625077786,1,0.910940160684,2.11812244931
0.460856342918,0.393897024617,0.343712052312,3,0.129196192872,2.07965713206
0.837673006184,0.180637935208,0.808587760131,3,0.160081109047,2.22650365932
0.205871234336,0.169810898897,0.965847498387,1,0.330347290911,2.07644246909
0.307190578899,0.80121905186,0.200187064084,3,0.149345465152,2.11075717355
0.422919219273,0.399403685725,0.15258093979,4,0.0956923850402,2.10622389503
0.51649619094,0.643433782659,0.248898605811,2,0.100739857511,1.99530190037
0.629017283298,0.828955389603,0.659091282593,2,0.999005559653,2.52602241489
0.212836008588,0.385761848613,0.419166381887,4,0.158748033718,2.18768509863
0.445906484011,0.363014576384,0.932966410798,3,0.864935225076,2.54305757695
0.444196505269,0.124113137823,0.134832000946,2,0.83206963916,2.14251973404
0.980529907908,0.763877388005,0.132702141848,4,0.47614492685,2.38109708169
0.981743576378,0.930394802997,0.285064086173,2,0.756735306438,2.37246666666
0.59485955462,0.407498283036,0.763991358396,4,0.122811790599,2.31930773583
0.913176887455,0.0928673331572,0.573456906931,4,0.57941872034,2.41369571559
0.444590835569,0.523818464894,0.413334263432,2,0.662083110383,2.23805629972
0.366844102185,0.585422745443,0.422703045082,1,0.799344553274,2.20031769414
0.21250020194,0.276504520151,0.438675655748,1,0.179937348572,1.88012856038
0.549409798215,0.602204446536,0.501845825445,4,0.251460905974,2.32651997915
0.830409296115,0.826230953126,0.341606346015,3,0.355175236244,2.29283911854
0.457434339843,0.202986259964,0.0459442038822,2,0.457218862426,1.98301149211
0.58272545166,0.623040243035,0.438187272055,4,0.397876388477,2.37348733078
0.211034706562,0.0466301006681,0.115936267164,2,0.197897716846,1.84436945768
0.542282079589,0.466627857548,0.455785132999,2,0.0439853477256,2.00188345846
0.488933910258,0.14688032745,0.0837203669656,3,0.404522181937,2.06519443938
0.833263232764,0.616440037997,0.271619543978,3,0.0326818581643,2.10117293733
0.417494561986,0.727332777268,0.806235051127,1,0.76117398962,2.33355612284
0.421333077489,0.490137057429,0.429041251986,3,0.645261166245,2.32697756133
0.657257088433,0.756468226281,0.412600466369,2,0.252699160596,2.14187915825
0.894267202366,0.31127745895,0.235256786183,1,0.33917744607,1.95793022631
0.398223775671,0.216868596475,0.618905487787,4,0.493892336711,2.36642467788
0.404383459036,0.461269739181,0.534749161398,3,0.785208331372,2.40720037471
0.994375946546,0.643812328559,0.341836015282,1,0.0956628842103,1.96901601864
0.648750249484,0.913715711552,0.571843821681,2,0.53832522289,2.33450140292
0.212550938352,0.715645666218,0.619828582086,1,0.273771478421,2.05984139307
0.331094858458,0.394029413846,0.395246939124,3,0.292644415377,2.1475472165
0.444813476372,0.279945254324,0.944886533043,1,0.138122222188,2.03918524729
0.70767820909,0.10593008215,0.993523732005,3,0.920969004394,2.5583985587
0.231105182772,0.0656346127263,0.827820382605,2,0.0777774151235,2.01569452165
0.497550807524,0.141608076921,0.0902669595112,3,0.279182354551,2.01682972581
0.894814909052,0.561884308911,0.336795491786,4,0.702803839726,2.48401853611
0.566378893053,0.560851074688,0.269924589526,4,0.592858958767,2.38692906461
0.704149460105,0.193494988157,0.274013133445,4,0.0449967680582,2.1093165909
0.56702854056,0.882324153136,0.664462828272,3,0.933086070524,2.60574096137
0.314724214167,0.70291398459,0.763074420339,2,0.404713712385,2.26286302939
0.942074180896,0.709498555654,0.266074172304,2,0.286900651446,2.13068964149
0.870985925596,0.827795200883,0.503243935453,1,0.306703771028,2.12631232178
0.55776842229,0.21247774124,0.29905400595,3,0.915446571761,2.35416722097
0.237650900339,0.880049497921,0.549087176495,3,0.0144732451666,2.17029044063
0.598188660828,0.899063900148,0.0857164781501,2,0.358518734514,2.10875408336
0.348367841232,0.922806036364,0.0787771505721,2,0.23058138081,2.03526368889
0.917531509777,0.217237572479,0.92508846415,2,0.535300310901,2.32684732908
0.414502064742,0.246296237769,0.305810713161,2,0.306241278097,2.00494917922
0.868200420154,0.362136142121,0.769894179361,2,0.182399756201,2.16317542673
0.0585072790473,0.313684385528,0.593651783016,2,0.326505300503,2.07728526012
0.357013360623,0.652976495653,0.36061242544,4,0.945342234577,2.55261725666
0.729528166924,0.933018523193,0.783089815215,1,0.507939765284,2.29765937201
0.965770680765,0.659937053444,0.646211412114,2,0.0221051834333,2.13126997577
0.0628064608655,0.594531024029,0.280493116325,2,0.505286291011,2.11144930219
0.357747745303,0.304048767435,0.320061719576,1,0.565566349076,2.01882958352
0.832001255162,0.256850055717,0.468909250062,2,0.945985143592,2.35363696912
0.255399880622,0.95538870753,0.418014432487,1,0.195141432377,2.02007863226
0.224237770214,0.867675913734,0.89205830496,3,0.497159545578,2.46244026949
0.181571810454,0.347889658044,0.19321526578,3,0.159624567771,2.0095495195
0.832759565877,0.879085912564,0.651300305551,2,0.754316549151,2.45620985043
0.132916581687,0.122027566305,0.472661941355,3,0.627007478111,2.23029874508
0.353618664783,0.443009676648,0.173365699642,4,0.308184692153,2.19924738856
0.154790030167,0.831699941672,0.54671193493,3,0.816898121769,2.47259182054
0.232907170027,0.0428756638103,0.147417955832,2,0.352016088868,1.91689767206
0.436014634591,0.983023502394,0.399008225518,1,0.0958242914756,1.99823834818
0.193882581476,0.943053888504,0.245322122737,4,0.658976921327,2.4451864412
0.990058342642,0.961449147244,0.416665086537,3,0.756097817279,2.51873431659
0.745666019149,0.685186037428,0.381981158646,4,0.479991815311,2.41819488312
0.700593868738,0.237790891006,0.0426255625271,3,0.351607706761,2.07104831654
0.606263201675,0.107638046057,0.939428581971,1,0.915001191754,2.32998298067
0.629979027303,0.446843625242,0.398774527122,1,0.0676633367611,1.89906432062
0.379552038029,0.189697028597,0.400925083022,1,0.869984808079,2.14416605766
0.30177381264,0.727171238006,0.624745244291,3,0.943033990906,2.54024879851
0.222107370343,0.488504174239,0.780538317055,2,0.620161456085,2.30213764943
0.916123347994,0.0292181132674,0.293060044992,3,0.0592216619352,2.00906263572
0.802972190973,0.951419567335,0.451944619522,2,0.299232465179,2.22585750449
0.960372553793,0.273232226949,0.125244849376,2,0.912292261149,2.25317406004
0.6763947715,0.968359660086,0.21239778768,4,0.966667257229,2.61169764836
0.0694960181609,0.161732512946,0.868835669484,1,0.701469659724,2.18053466914
0.113761321722,0.739657613576,0.387339825878,3,0.831474033527,2.40809921606
0.116296761233,0.948212741964,0.411148617381,3,0.540359093801,2.34076044725
0.851231604822,0.607831399371,0.439462423271,4,0.721551647226,2.52714882623
0.984436025111,0.307721979182,0.188779305258,2,0.371671642603,2.06529044697
0.671956572093,0.652661961178,0.324230675125,1,0.878321470948,2.24632584036
0.0504471990547,0.193619763133,0.600577822468,2,0.292611148775,2.04098647878
0.534510057904,0.545764001865,0.120870635473,1,0.164019696102,1.86447287525
0.465623421936,0.757239006294,0.714191775487,1,0.31346956006,2.13765550012
0.634880519732,0.999781689461,0.68590891951,2,0.442450425162,2.34619723578
0.994351583382,0.497183090455,0.453970203365,1,0.942776305753,2.31217335974
0.832952125037,0.646777874465,0.287095454115,1,0.496671242593,2.09744792067
0.737686732201,0.827441874433,0.446292914068,3,0.10120862379,2.21362837184
0.518918055107,0.875740677287,0.392253474872,1,0.173975416543,2.01430615005
0.18135857054,0.0606414083408,0.193915105432,4,0.200574635032,2.06866852436
0.56856798695,0.201220935805,0.395856318987,1,0.85115514038,2.1563199377
0.818980447388,0.775964592252,0.356846438135,1,0.554045802444,2.16576321561
0.401583809285,0.801485988169,0.338610493182,1,0.919580964176,2.26987111219
0.181711792017,0.250355474342,0.783461702869,4,0.843762114513,2.54078563074
0.696322539404,0.844513160658,0.305417713145,3,0.606961692097,2.37294487685
0.876453571705,0.0712130212968,0.32500043742,4,0.967506793665,2.48639081012
0.526225550804,0.746040355395,0.676374903108,4,0.396250720267,2.4632433852
0.46272365703,0.742229125536,0.541232232838,1,0.0449236989024,1.97505734022
0.439502702873,0.675938102524,0.349304496331,2,0.513478584199,2.18932067337
0.184211516445,0.823295756171,0.694805333012,2,0.951275910481,2.47203226697
0.438953674715,0.19442587611,0.247166374168,4,0.415872063167,2.22327928021
0.424003395635,0.58849732693,0.599191533239,4,0.101259354291,2.28036100664
0.44477262874,0.0972449731442,0.575655399372,1,0.835904433324,2.17098465064
0.738733555717,0.744800499835,0.545824098383,4,0.142327252422,2.34351158602
0.00695571060876,0.687450224246,0.167556810381,2,0.48809541242,2.08369082399
0.984895900808,0.429664253156,0.498892779333,1,0.674782033877,2.20400308806
0.34777896992,0.132276335051,0.432010723699,3,0.528687389377,2.20231133686
0.360714142694,0.548709037495,0.650561393707,4,0.519288769665,2.44869714775
0.316156372654,0.0732732953128,0.478933552602,3,0.678024066757,2.26115998881
0.806615754627,0.0324043950583,0.0648473139583,4,0.612087165721,2.25143151495
0.667819020718,0.62181634944,0.118163284129,3,0.0209409133804,2.03497052255
0.599349714844,0.843351824369,0.729900932352,4,0.981851966118,2.74031640251
0.442238798885,0.643775124663,0.59551114048,3,0.595514980382,2.38983823912
0.796378371992,0.393258081754,0.786558636369,4,0.922989008388,2.66345264782
0.293842577262,0.0490356467327,0.338440741086,2,0.472303900501,2.0296451696
0.380168160972,0.44083313864,0.104247113773,1,0.0380613348062,1.77268211188
0.18782257568,0.0624985583838,0.714628604493,1,0.591136533991,2.08212516419
0.295553215184,0.42054169429,0.57960198482,3,0.304713441973,2.20942963261
0.759575325355,0.773846790845,0.193595112711,1,0.602437993016,2.12978062172
0.850936299995,0.285786059242,0.751801302811,1,0.430813882323,2.14011678562
0.930811388255,0.344547931908,0.985840793008,1,0.712249322328,2.34264269204
0.492426445328,0.0524725301587,0.491213946822,1,0.95633843896,2.1896367102
0.768570255196,0.716035765675,0.330963366147,3,0.198537980584,2.19876838073
0.507677903524,0.443257067747,0.273404754761,4,0.333245815622,2.25473895658
0.988578539312,0.167800896185,0.612035243468,3,0.289420380509,2.23179675841
0.321336763088,0.318279011133,0.319919562533,1,0.683466039852,2.06515176324
0.846024715849,0.75198195876,0.80059804559,4,0.58582988003,2.60951022903
0.797751088546,0.718341140059,0.601852326111,2,0.487963034163,2.29918424836
0.581672119717,0.51965878787,0.532714931216,1,0.63150517191,2.17451551767
0.215966790018,0.433477622805,0.74042451875,3,0.972123344021,2.5192688968
0.0436719577573,0.294302043946,0.929453244044,3,0.24623278095,2.24055669016
0.0689611349901,0.902897027614,0.203856353126,2,0.553141455455,2.16988900714
0.721643871627,0.620522142424,0.467519991522,3,0.490472021657,2.33271362177
0.145428188496,0.0161205984071,0.784432147408,2,0.114512525051,1.99890159277
0.904579136932,0.269567283971,0.81946350349,3,0.359256434826,2.33391299546
0.00848398718631,0.111876773303,0.174570153998,4,0.851990931258,2.31639117208
0.00249930848072,0.558684696966,0.528274612085,1,0.216363254531,1.95701455568
0.612233002653,0.805812235096,0.637458962305,3,0.215673150267,2.29989269608
0.646070157086,0.348595635806,0.0961261835506,4,0.289969973838,2.17915198747
0.253794719528,0.173233331805,0.146140331701,4,0.261005902756,2.10827059893
0.607250345333,0.598445887246,0.350622439813,3,0.963893126212,2.47115819441
0.624903762026,0.709245688081,0.401143205841,3,0.0532175164206,2.14596948214
0.729292534346,0.621275595108,0.190362818766,1,0.0294689823007,1.86608081101
0.844411633449,0.904148601217,0.607577284641,4,0.449397899222,2.52730322867
0.602675019769,0.0947777225839,0.761189630777,4,0.299254192274,2.32728161264
0.824177597592,0.400765036951,0.802710886045,2,0.371230035048,2.25187604698
0.0744714017873,0.714452259666,0.18115671362,3,0.534958828252,2.2186681375
0.613374494855,0.248431539131,0.6766274047,1,0.584871323606,2.14796050816
0.557693327055,0.795490199116,0.381979032027,4,0.220327454222,2.31759206383
0.851353714748,0.248753042778,0.0518774201838,3,0.00750517047453,1.95345127428
0.228428897678,0.156674373583,0.826357447276,1,0.994170478592,2.2997531901
0.0511761046366,0.641176195682,0.687753577888,3,0.882007504749,2.49248192487
0.423499608879,0.867884721685,0.927153966765,4,0.05539583712,2.4162314301
0.840915076786,0.930066507962,0.73435396127,3,0.391215312595,2.44689712269
0.744177323165,0.439570839451,0.348380530683,3,0.010124028667,2.07089567088
0.79921751199,0.643954323839,0.961358552753,4,0.607713136761,2.6402054365
0.461516688685,0.273235829701,0.38836245338,2,0.809036243389,2.24092206818
0.0341114636016,0.652188383417,0.0547639517157,2,0.409758674477,2.01418147835
0.640136533094,0.572949046942,0.787307533059,4,0.545791743922,2.53311242018
0.0645725932051,0.655414424178,0.0809839705864,1,0.339665858111,1.89770167858
0.980136519321,0.404112010824,0.301909380705,2,0.647581840343,2.22844160445
0.0858708005511,0.167670986312,0.938000943381,2,0.266043447361,2.12993893928
0.638761441723,0.295184682642,0.526939342361,2,0.15843521142,2.04436896798
0.823942717051,0.20711186945,0.533416249568,1,0.749725166522,2.18373158707
0.858175668236,0.874630105872,0.298437423677,4,0.463458415443,2.43565818128
0.917313252865,0.887762467735,0.164222790006,3,0.0618166708308,2.14327732417
0.539962622985,0.168419423714,0.666500592914,2,0.541284364689,2.20414407079
0.10740162397,0.550062135764,0.702851714966,3,0.382619835697,2.28465603832
0.0829455184638,0.602688539977,0.57767745869,1,0.631332810743,2.15466862175
0.617132884008,0.967229726623,0.39247523422,3,0.907985151888,2.53609586475
0.0964388625359,0.550912975837,0.356234357155,1,0.586983603069,2.0614902298
0.553694777001,0.251038270614,0.584893018939,2,0.945775426296,2.35935520802
0.409387577052,0.621830056285,0.800931695577,4,0.165647138735,2.37184313313
0.255473069767,0.591226703006,0.685287956463,1,0.933378146675,2.32273029319
0.557832877581,0.584893037444,0.669731371473,1,0.4230417239,2.14289799625
0.0720626587926,0.00215873415283,0.877771795914,2,0.144075032262,2.02859956439
0.0798568629851,0.10590907016,0.590827646668,2,0.198884947348,1.98596977327
0.227004865018,0.679074596391,0.579116836756,4,0.570583484531,2.46048385062
0.332871620719,0.855198684119,0.743706043628,1,0.284288346723,2.14115405067
0.80242160139,0.937178613203,0.733368299149,1,0.852630706917,2.42874065529
0.00557950646025,0.0242835139053,0.47873176561,4,0.0297660311876,2.06094059559
0.158827562678,0.227354684976,0.727592846871,3,0.0382729130857,2.09494071256
0.9526646436,0.687799222638,0.0621896105894,1,0.649884763554,2.11143709749
0.57502362736,0.509633274395,0.502687495884,4,0.754504402083,2.51203702721
0.431019426869,0.85353036934,0.448575480267,4,0.621896553116,2.49713928188
0.625342866502,0.433899167074,0.818952891613,2,0.819908678369,2.4229634589
0.192106090724,0.557889674757,0.138958221409,3,0.132913344969,2.02564134843
0.505153852986,0.152958894536,0.10699535246,4,0.564000009036,2.23880577356
0.378759131109,0.944942107321,0.0215589831868,1,0.656630856812,2.09598437226
0.592158194326,0.517353289361,0.261652928917,1,0.450779597644,2.02149419504
0.864106442862,0.0544477071097,0.929528460031,4,0.587616719534,2.51120541153
0.838731843422,0.796045699219,0.0211014678357,4,0.885440220325,2.50358885267
0.206487968943,0.493705715833,0.540054323234,2,0.668985609914,2.249000481
0.187851266274,0.346690365953,0.168318295325,2,0.536690028578,2.05329469985
0.448628373277,0.712475430621,0.999562456311,2,0.0700667248736,2.21525335029
0.974378154856,0.684511928354,0.971969435834,4,0.843516365577,2.76333757814
0.254598740946,0.176390712572,0.505340999707,4,0.587720662831,2.34742858165
0.43263191678,0.375415569245,0.373404827837,1,0.273168699029,1.93963523349
0.967093662497,0.60100529347,0.673668941265,4,0.0415413715969,2.33562765596
0.434210675103,0.666387659306,0.516890137024,2,0.126023688196,2.08217511576
0.614464997626,0.687550043185,0.881650930498,1,0.504319186667,2.26517946222
0.52734827476,0.91529709616,0.754654158015,1,0.188809219128,2.13771418176
0.536954186376,0.663865176933,0.453710506981,1,0.878448093343,2.27396084346
0.455894972791,0.0182770355878,0.933775071959,4,0.331491225255,2.36197391609
0.872647114689,0.934337916497,0.732981780537,4,0.0942331800867,2.43172010096
0.831768161122,0.516066326678,0.421927705918,3,0.863256886529,2.45827114783
0.894362082216,0.712757502811,0.471404160228,1,0.575776363898,2.20371950241
0.878917153859,0.0872023726361,0.403924605936,3,0.739032678494,2.32212264309
0.32640042328,0.200591978045,0.472154509447,3,0.453023726204,2.19561428125
0.86174733811,0.806318131769,0.594798485901,3,0.176622868151,2.2965270532
0.0237582156773,0.659036018489,0.107664486554,3,0.469039839508,2.15409830703
0.619012047261,0.352100376646,0.309396607627,2,0.482148777504,2.11799977334
0.960994726036,0.255012640417,0.823071054526,1,0.634068443402,2.24765069441
0.150489461813,0.639237507685,0.534468511532,1,0.84534726707,2.24137590801
0.89576360132,0.566197975406,0.810957194391,1,0.217418501551,2.13307051415
0.979603282909,0.183635335242,0.179010233557,4,0.349294395823,2.22810822374
0.304061851907,0.805201033198,0.429105686001,4,0.680451831929,2.4923588304
0.837607178823,0.912798651092,0.113033595474,3,0.921382238432,2.46878342212
0.832911717091,0.242710214274,0.350855565753,1,0.671793889642,2.10580744015
0.99998064256,0.130728589124,0.562339004545,3,0.620572402242,2.34307444434
0.893210211735,0.391352632086,0.38400296228,3,0.405205866106,2.24487478272
0.154070218096,0.589235222524,0.406185631845,1,0.314584101394,1.98094339643
0.962654496721,0.418841286907,0.165972757123,2,0.906089698793,2.29226141371
0.00348783670823,0.489644331596,0.0498091620972,4,0.724417537517,2.30298741363
0.358810832294,0.525972788464,0.316819155166,2,0.981698107265,2.32880063038
0.413774642719,0.160482535115,0.819086002322,1,0.30351628915,2.04060628765
0.937913592044,0.425611652884,0.570311446759,2,0.900371968978,2.4101559114
0.861307499855,0.118991807363,0.925933044606,2,0.63727957223,2.34262085373
0.0472269147187,0.148611633604,0.336753825069,1,0.869012535551,2.08307617993
0.975510238648,0.132520455931,0.630178664833,1,0.14193942395,1.96988448408
0.197209088832,0.443395174836,0.220782630371,2,0.012590641877,1.87967098971
0.414172318514,0.391771754244,0.888743822275,3,0.332758281297,2.3194980419
0.501451401042,0.770694843081,0.6139339139,3,0.774308712954,2.49818776807
0.263047683007,0.648658257716,0.343408385392,1,0.924557802521,2.22888205647
0.847182637045,0.78677732259,0.302204107447,4,0.987724441638,2.62782473711
0.405254760331,0.456650869581,0.737181902528,1,0.217147403711,2.03986918219
0.589523122726,0.909243961123,0.131756380382,4,0.554353340909,2.40206935498
0.566451328488,0.167413561505,0.410555484477,1,0.643170087109,2.07056252534
0.381554871307,0.441640641784,0.493519513061,2,0.389120747157,2.13018776827
0.380042761856,0.33272856121,0.480436040175,4,0.817675497369,2.47575099943
0.663281079022,0.12012289524,0.0621962961044,3,0.414548001884,2.07483077653
0.372486122196,0.422542380543,0.7570426454,3,0.732229742319,2.44176177888
0.154942487745,0.223099338051,0.715209806242,4,0.828672848316,2.50614619758
0.963132763897,0.87219462041,0.695055875162,3,0.944444184019,2.65704663663
0.44577847851,0.641582919114,0.714117852619,4,0.383165260595,2.4403958917
0.50640253478,0.225142941592,0.207538915617,1,0.0472843969417,1.77684427526
0.801158560591,0.769640729604,0.257030601055,2,0.369234157602,2.15884684534
0.156747287586,0.666716986475,0.259683932411,1,0.97426585537,2.21662964793
0.454062634878,0.752029972985,0.537988732986,3,0.45073868303,2.33750435119
0.305248242492,0.378619918738,0.913625741475,1,0.283079276021,2.09356824085
0.430133107919,0.0744420310219,0.166833511542,1,0.0556855546759,1.73022599233
0.794685299132,0.449510964326,0.477970008345,2,0.122614969272,2.06180771299
0.796444315144,0.00415586144613,0.189665657809,3,0.486096858198,2.13181404443
0.890872893083,0.192720839796,0.0999860593008,1,0.789642194475,2.07348415285
0.0269472677798,0.953814961837,0.923180689376,1,0.861751393445,2.41511248334
0.12042812866,0.625385224689,0.482691738981,2,0.643711598891,2.23941201905
0.0885385801866,0.989264720103,0.842549081451,1,0.379219686736,2.21115940117
0.00598276423701,0.711177531439,0.140199850697,4,0.630712495734,2.33717873621
0.382721802993,0.21838534905,0.20733446037,3,0.71467279748,2.23001870721
0.733927928494,0.888615870971,0.241781248841,1,0.282944815819,2.03682826802
0.676427752515,0.579306154979,0.710695861068,2,0.10961094319,2.14055714184
0.0384369562063,0.283689884188,0.225928991865,1,0.0826647425316,1.76142626703
0.199626292499,0.377368735071,0.490337339313,2,0.29107165041,2.05896623822
0.869268246876,0.432134150714,0.409052957832,2,0.920200124383,2.36414959193
0.289703604176,0.523347016786,0.956403053554,2,0.40023590777,2.28065504295
0.0661760943862,0.650460697008,0.625843620858,2,0.721959564186,2.31324666077
0.415200456058,0.454669024473,0.323824045733,4,0.405259276653,2.29170477488
0.546032366206,0.13394455542,0.0441741897567,1,0.212128733953,1.77949589821
0.439947687139,0.58546905026,0.723746794906,1,0.760555025678,2.28243462751
0.791442619929,0.194907123039,0.177242293946,3,0.645206984219,2.22938116847
0.852201106676,0.622749796133,0.225707744806,4,0.921274813237,2.54599231863
0.300441454245,0.48048001094,0.92373645414,3,0.41801308303,2.37046631707
0.806953215583,0.731905783621,0.0985711153113,3,0.598450591637,2.29602804953
0.51327179312,0.438757137026,0.295174713773,2,0.723962244673,2.21721591872
0.260924096934,0.0341754724814,0.334048880416,2,0.581639097537,2.06579780733
0.0441949192893,0.986888009211,0.360072395427,4,0.900591474478,2.57005540219
0.0304023823521,0.928269958811,0.348519105113,2,0.907207182782,2.35613283464
0.851801024473,0.674431430235,0.664402977637,4,0.644479568902,2.57717910935
0.305761894248,0.120399598201,0.72350493283,4,0.835510098079,2.50591162815
0.0362771888071,0.121799010377,0.138302605537,2,0.665138052425,2.03553352359
0.056979064271,0.373354645256,0.288889587539,1,0.674775135434,2.03694576591
0.861043388169,0.47128335667,0.0149724617269,1,0.181765697682,1.85755902774
0.255092912722,0.514598529409,0.230491653011,1,0.931957657095,2.1703595559
0.132644809718,0.344306094274,0.225243995148,2,0.485595696696,2.04393717705
0.859609864247,0.624415297723,0.957474726969,1,0.487191625443,2.29296311424
0.586771362369,0.516527790353,0.693140457217,3,0.195625474613,2.24817502132
0.196477472565,0.720660562951,0.191412128651,3,0.560599311883,2.2454432232
0.875715119745,0.0411296539451,0.322384481447,3,0.808271474521,2.31582137701
0.55809462773,0.570996162263,0.00682991607923,4,0.805806439193,2.39438024573
0.0583823367125,0.113403153876,0.823900412062,1,0.813337221129,2.20102387652
0.739065275006,0.293493916172,0.0650469729208,4,0.434813482625,2.22604479566
0.028179029369,0.562352861583,0.22057087763,1,0.418233109781,1.94875298246
0.473655850577,0.375982688981,0.13502178715,3,0.21872212718,2.05055750987
0.204621196777,0.195665897994,0.982874462592,1,0.295323473178,2.07258702733
0.858870479125,0.469823023329,0.215543965003,4,0.886184335766,2.49898857639
0.61719591375,0.0548032002874,0.832041610203,3,0.468002349674,2.30949365436
0.186030646058,0.0841854554652,0.205408523126,3,0.30549215593,2.01925957501
0.404931178295,0.907573091685,0.412760762203,3,0.0739230404363,2.175405181
0.539214047759,0.245540783047,0.397478221643,4,0.355477418463,2.26446399526
0.440883775169,0.640083868794,0.725641858125,1,0.254671483913,2.09166630228
0.801607207978,0.18710296728,0.597765152518,2,0.934544973626,2.37072884946
0.846064829513,0.0903618795909,0.575761733838,4,0.361220450001,2.31989555902
0.392866638925,0.9647174268,0.934320177627,4,0.987515705394,2.8075324847
0.476679911205,0.375460302016,0.00350679285275,4,0.855438579501,2.36598752118
0.160067419908,0.00173079987638,0.850995264646,3,0.441736990722,2.24834627765
0.691158568714,0.32757556435,0.810469004153,1,0.0756588414241,2.00803520756
0.705678998543,0.744504439579,0.737571495787,2,0.464128991282,2.32639183302
0.897273487665,0.547605866832,0.0671044646793,2,0.620212534556,2.16746487536
0.315844396733,0.111323896723,0.19618235153,2,0.032500121302,1.825703973
0.382124252777,0.205753930622,0.347223949326,3,0.292623645998,2.1005798546
0.282102931015,0.733284739935,0.515177522629,2,0.736652004511,2.32408129968
0.497275600984,0.518611843264,0.910462835625,3,0.165336902306,2.29272354036
0.83463319609,0.721457167618,0.53121326264,3,0.496269792848,2.38562664906
0.478040242333,0.631709035861,0.390905273718,2,0.277322432164,2.10234638639
0.260112004066,0.400240351338,0.577548878926,2,0.0749596731105,2.0093078036
0.254459029239,0.539300976138,0.0950863514669,2,0.487335729058,2.05676629521
0.0241591630107,0.449486457276,0.235433363731,1,0.475088257949,1.95297852006
0.377850758856,0.117105559351,0.903772736489,4,0.0318042130183,2.24505969391
0.01409790842,0.347693179196,0.603480654464,4,0.553697123885,2.37347147257
0.406923151327,0.589508719507,0.858456231362,4,0.202461371622,2.39711547709
0.0379546766538,0.513371524727,0.292280075272,2,0.858847597682,2.23769283427
0.0982564980915,0.161645092771,0.561229218927,1,0.981580096741,2.20315547274
0.320178889349,0.836961187252,0.0291712112324,1,0.436376901681,1.98271225043
0.969439604433,0.0673882073679,0.0741482135844,3,0.569898416991,2.16062543279
0.207231948518,0.0927663054909,0.580015575766,2,0.896152270453,2.27174203686
0.0948385408887,0.694203571041,0.996048966659,4,0.425239574725,2.51723508818
0.217842954497,0.832438331963,0.351305840461,2,0.357293711992,2.13658119878
0.275744706667,0.235247230731,0.258772580092,4,0.815698157892,2.378534954
0.0848817625455,0.0135748406348,0.953395880155,4,0.503110945679,2.3984662867
0.190373992815,0.149867336997,0.0957395473648,3,0.770018767529,2.1857402379
0.0589437127323,0.465194493883,0.366743137791,1,0.767994745852,2.11615410973
0.0944225971972,0.169853346083,0.0945960205367,1,0.966702416087,2.05847270153
0.921795738154,0.030542302498,0.145276801862,3,0.830571777065,2.2740997857
0.00960053535364,0.855703257933,0.163047381322,4,0.197284493852,2.19992871706
0.222280260323,0.955943548357,0.325665748468,1,0.358637713651,2.0545715457
0.876811395044,0.558561175271,0.962910682002,1,0.877963016803,2.43945178588
0.529129495234,0.0402803254081,0.79365119943,1,0.778322883272,2.21039352774
0.72473442906,0.85906871022,0.77910721209,4,0.347155223874,2.51688143813
0.899591603525,0.151478955721,0.89992012743,1,0.610532348713,2.23444392921
0.39064348428,0.147590420275,0.0565756332368,1,0.730250745961,1.97765542084
0.186413499131,0.503802268198,0.505554835549,4,0.190565923361,2.24729462356
0.659396222326,0.960034454016,0.201233063868,1,0.526526676409,2.12892710276
0.459485174259,0.0278359562432,0.233569590559,3,0.378685150921,2.07306064621
0.132821385978,0.758872478706,0.774003579042,1,0.181198788757,2.06973722355
0.669057352644,0.0267862696343,0.101694543918,4,0.934443805137,2.37654887442
0.138008534814,0.933436946332,0.603976172468,4,0.404247036666,2.44337990915
0.608862258429,0.399645303152,0.679481160021,4,0.848841641223,2.58419629097
0.997236791743,0.358045896204,0.475434526043,4,0.205687935714,2.29623839051
0.946141433446,0.978526260821,0.100262815888,4,0.0425678431222,2.23742537752
0.353293329533,0.287922337729,0.974221502287,1,0.484865735531,2.1791265454
0.980228624153,0.0285888620722,0.63900053582,1,0.781057616037,2.20786384199
0.879866669261,0.000537894699674,0.399292501487,1,0.394457445467,1.9656649745
0.940435181716,0.393757892683,0.23569247442,4,0.439764005607,2.31940844128
0.380592979391,0.52101270473,0.925278895487,4,0.646547508744,2.57846451103
0.0950893891099,0.783276476337,0.811805439588,1,0.511156660017,2.21416853006
0.678421090052,0.844509710725,0.524643951709,3,0.0128474855863,2.1992762309
0.0798599078059,0.769074945091,0.480845665048,2,0.190425708179,2.08222496258
0.90417587694,0.412672235215,0.259375706484,4,0.788085619816,2.46599899461
0.803973725214,0.197264226869,0.00449642966697,3,0.64924177845,2.18089585818
0.830237002738,0.102998971983,0.953695238238,4,0.877668782125,2.64079957899
0.871874628085,0.875409474903,0.823195839512,3,0.737965474395,2.6044142994
0.811521706481,0.444700496329,0.843065498173,3,0.0727291102117,2.25210356345
0.658635082918,0.409783544,0.779476720817,2,0.227398162158,2.1726224982
0.546531012355,0.648719913208,0.917932928229,4,0.913542203049,2.72519384357
0.70255805949,0.550071834541,0.937615319416,4,0.441006329264,2.53795730039
0.124367148516,0.224282081496,0.392735423992,3,0.579360854721,2.20685810024
0.387084144245,0.636401153518,0.592455555998,2,0.461495588444,2.22832354731
0.336880007851,0.134857274135,0.556414200856,3,0.487416159597,2.22255017971
0.20750097016,0.840215444003,0.226554261125,3,0.488085800195,2.25199378423
0.719535856339,0.805134200005,0.257050247744,2,0.734593953144,2.30393308122
0.157803831664,0.747886673308,0.594972217013,2,0.21356777731,2.12927649386
0.495468114602,0.136315583431,0.663279904204,2,0.773097763053,2.28503300463
0.575701051102,0.844676178031,0.545978116528,2,0.0249970582827,2.10029759899
0.979776750016,0.715786285939,0.948776655967,3,0.124569755939,2.37559583136
0.263947540254,0.350854393607,0.712421246205,2,0.182388934818,2.08324758054
